iPhoSilWithWv3_1598592399_639-03670.png 1.0877528196603419 -3.126882028932254 0.97194621148861
iPhoSilWithWv3_1598592399_972-03680.png 1.0905148627946004 -3.1247991748387913 0.9724951175527177
iPhoSilWithWv3_1598592400_306-03690.png 1.0973540609105914 -3.1127923157843305 0.9720697338341131
iPhoSilWithWv3_1598592400_640-03700.png 1.0918131851044923 -3.106225515067047 0.9709044453714533
iPhoSilWithWv3_1598592400_973-03710.png 1.0809635861325229 -3.0877219748734284 0.9720060744074798
iPhoSilWithWv3_1598592401_307-03720.png 1.0722385938973413 -3.0569376233669243 0.9715124218607895
iPhoSilWithWv3_1598592401_640-03730.png 1.0631319837811932 -3.032543007215379 0.9707548410004447
iPhoSilWithWv3_1598592401_974-03740.png 1.05571707163306 -2.9976195364106193 0.9719810870912371
iPhoSilWithWv3_1598592402_307-03750.png 1.047656828625004 -2.9390774441763856 0.9709877073331163
iPhoSilWithWv3_1598592402_641-03760.png 1.0428480887778357 -2.8709082430279835 0.9704000882230331
iPhoSilWithWv3_1598592402_974-03770.png 1.0421579181956555 -2.8366168171726587 0.9670083444652178
iPhoSilWithWv3_1598592403_308-03780.png 1.0412392826894186 -2.8293752976776596 0.962776541851248
iPhoSilWithWv3_1598592403_641-03790.png 1.0413606065961394 -2.8328227051662145 0.9626616537716202
iPhoSilWithWv3_1598592404_308-03810.png 1.0381486230314276 -2.7996534168533036 0.9621150715297214
iPhoSilWithWv3_1598592404_642-03820.png 1.0340365634850983 -2.7376591641100045 0.9616655476557836
iPhoSilWithWv3_1598592404_975-03830.png 1.027248569205497 -2.657316138800504 0.9620360811336346
iPhoSilWithWv3_1598592405_309-03840.png 1.019992590552449 -2.580078656602683 0.9624803608599564
iPhoSilWithWv3_1598592405_642-03850.png 1.0094013199494463 -2.4707171614459633 0.9623569076720788
iPhoSilWithWv3_1598592405_976-03860.png 1.000204851870192 -2.3508383948271776 0.9630794620786175
iPhoSilWithWv3_1598592406_309-03870.png 0.9904587005297719 -2.2338904255985295 0.9630125871271783